                                KF
                             FactPS.
                      Units:  K, bar, J, mol
    Standard state: pure solid, liquid and ideal gas at 1 bar
              - STANDARD STATE PROPERTIES / MOLE -
 ______ ________  ________  ___________  ___________  ________  ___________
   L1     T(K)    Cp(J/K)       H(J)        G(J)       S(J/K)    H-H298(J)
 ______ ________  ________  ___________  ___________  ________  ___________
          298.15    66.944    -547978.6    -570539.7    75.670          0.0
          300.00    66.944    -547854.8    -570680.1    76.084        123.8
          350.00    66.944    -544507.6    -574748.9    86.404       3471.0
          400.00    66.944    -541160.4    -579297.6    95.343       6818.2
          450.00    66.944    -537813.2    -584265.7   103.228      10165.4
          500.00    66.944    -534466.0    -589606.5   110.281      13512.6
          550.00    66.944    -531118.8    -595282.6   116.662      16859.8
          600.00    66.944    -527771.6    -601263.5   122.486      20207.0
          650.00    66.944    -524424.4    -607523.5   127.845      23554.2
          700.00    66.944    -521077.2    -614041.3   132.806      26901.4
          750.00    66.944    -517730.0    -620798.4   137.425      30248.6
          800.00    66.944    -514382.8    -627778.8   141.745      33595.8
          850.00    66.944    -511035.6    -634968.6   145.803      36943.0
          900.00    66.944    -507688.4    -642355.3   149.630      40290.2
          950.00    66.944    -504341.2    -649928.1   153.249      43637.4
         1000.00    66.944    -500994.0    -657677.1   156.683      46984.6
         1050.00    66.944    -497646.8    -665593.6   159.949      50331.8
         1100.00    66.944    -494299.6    -673669.5   163.064      53679.0
         1150.00    66.944    -490952.4    -681897.7   166.039      57026.2
         1200.00    66.944    -487605.2    -690271.4   168.888      60373.4
         1250.00    66.944    -484258.0    -698784.6   171.621      63720.6
         1300.00    66.944    -480910.8    -707431.7   174.247      67067.8
 
